,Unnamed: 0,ID Number,Sequence Source,Length,Sequence,tube,digest_conc,well,amount of template to add,concentration of template (ng/uL),volume of dilute template prepared,water to add,frag_pcr_tube
0,0,0,pwl_408,5621,ATCCTAACTCGAGGCGAATTTCTTATGATTTATGATTTTTATTATTAAATAAGTTATAAAAAAAATAAGTGTATACAAATTTTAAAGTGACTCTTAGGTTTTAAAACGAAAATTCTTATTCTTGAGTAACTCTTTCCTGTAGGTCAGGTTGCTTTCTCAGGTATAGCATGAGGTCGCTCTTATTGACCACACCTCTACCGGCATGCCGAGCAAATGCCTGCAAATCGCTCCCCATTTCGCTGCCAATGAGACGACGGGGTCATCACGGCTCATCATGCGCCAAACAAATGTGTGCAATACACGCTCGGATGACTGCATGATGACCGCACTGACTGGGGACAGCAGATCCACCTAAGCCTGTGAGAGAAGCAGACACCCGACAGATCAAGGCAGTTAACTAGTGCACTGCAGTACATCGAGGAGAACTTCTAGTATATCTACATACCTAATATTATTGCCTTATTAAAAATGGAATCCCAACAATTACATCAAAATCCACATTCTCTTCAAAATCAATTGTCCTGTACTTCCTTGTTCATGTGTGTTCAAAAACGTTATATTTATAGGATAATTATACTCTATTTCTCAACAAGTAATTGGTTGTTTGGCCGAGCGGTCTAAGGCGCCTGATTCAAGAAATATCTTGACCGCAGTTAACTGTGGGAATACTCAGGTATCGTAAGATGCAAGAGTTCGAATCTCTTAGCAACCATTATTTTTTTCCTCAACATAACGAGAACACACAGGGGCGCTATCGCACAGAATCAAATTCGATGACTGGAAATTTTTTGTTAATTTCAGAGGTCGCCTGACGCATATACCTTTTTCAACTGAAAAATTGGGAGAAAAAGGAAAGGTGAGAGCGCCGGAACCGGCTTTTCATATAGAATAGAGAAGCGTTCATGACTAAATGCTTGCATCACAATACTTGAAGTTGACAATATTATTTAAGGACCTATTGTTTTTTCCAATAGGTGGTTAGCAATCGTCTTACTTTCTAACTTTTCTTACCTTTTACATTTCAGCAATATATATATATATATTTCAAGGATATACCATTCTAATGTCTGCCCCTAAGAAGATCGTCGTTTTGCCAGGTGACCACGTTGGTCAAGAAATCACAGCCGAAGCCATTAAGGTTCTTAAAGCTATTTCTGATGTTCGTTCCAATGTCAAGTTCGATTTCGAAAATCATTTAATTGGTGGTGCTGCTATCGATGCTACAGGTGTTCCACTTCCAGATGAGGCGCTGGAAGCCTCCAAGAAGGCTGATGCCGTTTTGTTAGGTGCTGTGGGTGGTCCTAAATGGGGAACCGGTAGTGTTAGACCTGAACAAGGTTTACTAAAAATCCGTAAAGAACTTCAATTGTACGCCAACTTAAGACCATGTAACTTTGCATCCGACTCTCTTTTAGACTTATCTCCAATCAAGCCACAATTTGCTAAAGGTACTGACTTCGTTGTTGTCAGAGAATTAGTGGGAGGTATTTACTTTGGTAAGAGAAAGGAGGACGATGGTGATGGTGTCGCTTGGGATAGTGAACAATACACCGTTCCAGAAGTGCAAAGAATCACAAGAATGGCCGCTTTCATGGCCCTACAACATGAGCCACCATTGCCTATTTGGTCCTTGGATAAAGCTAATGTTTTGGCCTCTTCAAGATTATGGAGAAAAACTGTGGAGGAAACCATCAAGAACGAATTTCCTACATTGAAGGTTCAACATCAATTGATTGATTCTGCCGCCATGATCCTAGTTAAGAACCCAACCCACCTAAATGGTATTATAATCACCAGCAACATGTTTGGTGATATCATCTCCGATGAAGCCTCCGTTATCCCAGGTTCCTTGGGTTTGTTGCCATCTGCGTCCTTGGCCTCTTTGCCAGACAAGAACACCGCATTTGGTTTGTACGAACCATGCCACGGTTCTGCTCCAGATTTGCCAAAGAATAAGGTCAACCCTATCGCCACTATCTTGTCTGCTGCAATGATGTTGAAATTGTCATTGAACTTGCCTGAAGAAGGTAAGGCCATTGAAGATGCAGTTAAAAAGGTTTTGGATGCAGGTATCAGAACTGGTGATTTAGGTGGTTCCAACAGTACCACCGAAGTCGGTGATGCTGTCGCCGAAGAAGTTAAGAAAATCCTTGCTTAACCTGGAGGACCCTTCTCTTTAGACTATTCTACTCTTATGCACGTAAAAAATTCTAGGAAATATGTATTAACTAGGAGTAAAATAACCGGCTAGTGGCATTCATATAGCCGTCTGTTTACATCTACATCACACATTTCGAGTGTATATCTCGCAACGTTGGCGTTAAATAGGCAGGAGTATCACGTGCTATAAAAATAATTATAATTTAAATTTTTTAATATAAATATATAAATTAAAAATAGAAAGTAAAAAAAGAAATTAAAGAAAAAATAGTTTTTGTTTTCCGAAGATGTAAAAGACTCTAGGGGGATCGCCAACAAATACTACCTTTTATCTTGCTCTTCCTGCTCTCAGGTATTAATGCCGAATTGTTTCATCTTGTCTGTGTAGAAAACCACACACGAAAATCCTGTGATTTTACATTTTACTTATCGTTAATCGAATGTATATCTATTTAATCTGCTTTTCTTGTCTAATAAATATATATGTAAAGTACGCTTTTTGTTGAAATTTTTTAAACCTTTGTTTATTTTTTTTTCTTCATTCCGTAACTCTTCTACCTTCTTTATTTACTTTCTAAAATCCAAATACAAAACATAAAAATAAATAAACACAGAGTAAATTCCCAAATTATTCCATCATTAAAAGATACGAGGCGCGTGTAAGTTACAGGCAAGCGATCCGTCCCGAGCGGCCGCGATTATCAAAAAGGATCTTCACCTAGATCCTTTTAAATTAAAAATGAAGTTTTAAATCAATCTAAAGTATATATGAGTAAACTTGGTCTGACAGTTACCAATGCTTAATCAGTGAGGCACCTATCTCAGCGATCTGTCTATTTCGTTCATCCATAGTTGCCTGACTCCCCGTCGTGTAGATAACTACGATACGGGAGGGCTTACCATCTGGCCCCAGTGCTGCAATGATACCGCGGGACCCACGCTCACCGGCTCCAGATTTATCAGCAATAAACCAGCCAGCCGGAAGGGCCGAGCGCAGAAGTGGTCCTGCAACTTTATCCGCCTCCATCCAGTCTATTAATTGTTGCCGGGAAGCTAGAGTAAGTAGTTCGCCAGTTAATAGTTTGCGCAACGTTGTTGCCATTGCTACAGGCATCGTGGTGTCACGCTCGTCGTTTGGTATGGCTTCATTCAGCTCCGGTTCCCAACGATCAAGGCGAGTTACATGATCCCCCATGTTGTGCAAAAAAGCGGTTAGCTCCTTCGGTCCTCCGATCGTTGTCAGAAGTAAGTTGGCCGCAGTGTTATCACTCATGGTTATGGCAGCACTGCATAATTCTCTTACTGTCATGCCATCCGTAAGATGCTTTTCTGTGACTGGTGAGTACTCAACCAAGTCATTCTGAGAATAGTGTATGCGGCGACCGAGTTGCTCTTGCCCGGCGTCAATACGGGATAATACCGCGCCACATAGCAGAACTTTAAAAGTGCTCATCATTGGAAAACGTTCTTCGGGGCGAAAACTCTCAAGGATCTTACCGCTGTTGAGATCCAGTTCGATGTAACCCACTCGTGCACCCAACTGATCTTCAGCATCTTTTACTTTCACCAGCGTTTCTGGGTGAGCAAAAACAGGAAGGCAAAATGCCGCAAAAAAGGGAATAAGGGCGACACGGAAATGTTGAATACTCATACTCTTCCTTTTTCAATATTATTGAAGCATTTATCAGGGTTATTGTCTCATGAGCGGATACATATTTGAATGTATTTAGAAAAATAAACAAATAGGGGTTCCGCGCACATTTCCCCGAAAAGTGCCACCTGTCATGACCAAAATCCCTTAACGTGAGTTTTCGTTCCACTGAGCGTCAGACCCCGTAGAAAAGATCAAAGGATCTTCTTGAGATCCTTTTTTTCTGCGCGTAATCTGCTGCTTGCAAACAAAAAAACCACCGCTACCAGCGGTGGTTTGTTTGCCGGATCAAGAGCTACCAACTCTTTTTCCGAAGGTAACTGGCTTCAGCAGAGCGCAGATACCAAATACTGTTCTTCTAGTGTAGCCGTAGTTAGGCCACCACTTCAAGAACTCTGTAGCACCGCCTACATACCTCGCTCTGCTAATCCTGTTACCAGTGGCTGCTGCCAGTGGCGATAAGTCGTGTCTTACCGGGTTGGACTCAAGACGATAGTTACCGGATAAGGCGCAGCGGTCGGGCTGAACGGGGGGTTCGTGCACACAGCCCAGCTTGGAGCGAACGACCTACACCGAACTGAGATACCTACAGCGTGAGCTATGAGAAAGCGCCACGCTTCCCGAAGGGAGAAAGGCGGACAGGTATCCGGTAAGCGGCAGGGTCGGAACAGGAGAGCGCACGAGGGAGCTTCCAGGGGGAAACGCCTGGTATCTTTATAGTCCTGTCGGGTTTCGCCACCTCTGACTTGAGCGTCGATTTTTGTGATGCTCGTCAGGGGGGCGGAGCCTATGGAAAAACGCCAGCAACGCGGCCTTTTTACGGTTCCTGGCCTTTTGCTGGCCTTTTGCTCACATGTTCTTTCCTGCGTTATCCCCTGATTCTGTGGATAACCGTGCGGCCGCCCCTGAATTCGCATCTAGATGGTAGAGCCACAAACAGCCGGTACAAGCAACGATCTCCAGGACCATCTGAATCATGCGCGGATGACACGAACTCACGACGGCGATCACAGACATTAACCCACAGTACAGACACTGCGACAACGTGGCAATTCGTCGCAATACCGTCTCACTGAACTGGCCGATAATTGCAGACGAACGAAGAGGATGTCCAATATTTTTTTTAAGGAATAAGGATACTTCAAGACTAGATTCCCCCCTGCATTCCCATCAGAACCGTAAACCTTGGCGCTTTCCTTGGGAAGTATTCAAGAAGTGCCTTGTCCGGTTTCTGTGGCTCACAAACCAGCGCGCCCGATATGGCTTTCTTTTCACTTATGAATGTACCAGTACGGGACAATTAGAACGCTCCTGTAACAATCTCTTTGCAAATGTGGGGTTACATTCTAACCATGTCACACTGCTGACGAAATTCAAAGTAAAAAAAAATGGGACCACGTCTTGAGAACGATAGATTTTCTTTATTTTACATTGAACAGTCGTTGTCTCAGCGCGCTTTATGTTTTCATTCATACTTCATATTATAAAATAACAAAAGAAGAATTTCATATTCACGCCCAAGAAATCAGGCTGCTTTCCAAATGCAATTGACACTTCATTAGCCATCACACAAAACTCTTTCTTGCTGGAGCTTCTTTTAAAAAAGACCTCAGTACACCAAACACGTTACCCGACCTCGTTATTTTACGACAACTATGATAAAATTCTGAAGAAAAAATAAAAAAATTTTCATACTTCTTGCTTTTATTTAAACCATTGAATGATTTCTTTTGAACAAAACTACCTGTTTCACCAAAGGAAATAGAAAGAAAAAATCAATTAGAAGAAAACAAAAAACAAAAGATCTATG,A1,150.0,A5,1.0,12.5,12.0,11.0,E11
1,1,1,pwl_411,4789,ATCCTAACTCGAGGCGAATTTCTTATGATTTATGATTTTTATTATTAAATAAGTTATAAAAAAAATAAGTGTATACAAATTTTAAAGTGACTCTTAGGTTTTAAAACGAAAATTCTTATTCTTGAGTAACTCTTTCCTGTAGGTCAGGTTGCTTTCTCAGGTATAGCATGAGGTCGCTCTTATTGACCACACCTCTACCGGCATGCCGAGCAAATGCCTGCAAATCGCTCCCCATTTCGCTGAGCATGAGACGGAAATCTGCTCGTCAGTGGTGCTCACACTGACGAATCATGTACAGATCATACCGATGACTGCCTGGCGACTCACAACTAAGCAAGACAGCCGGAACCAGCGCCGGCGAACACCACTGCATATATGGCATATCACAACAGTCCAACTAGTGCACTGCAGTACAGAGCAGACAAGCCCGTCAGGGCGCGTCAGCGGGTGTTGGCGGGTGTCGGGGCTGGCTTAACTATGCGGCATCAGAGCAGATTGTACTGAGAGTGCACCAGTTTAAACCATTTAATAGAACAGCATCGTAATATATGTGTACTTTGCAGTTATGACGCCAGATGGCAGTAGTGGAAGATATTCTTTATTGAAAAATAGCTTGTCACCTTACGTACAATCTTGATCCGGAGCTTTTCTTTTTTTGCCGATTAAGAATTAATTCGGTCGAAAAAAGAAAAGGAGAGGGCCAAGAGGGAGGGCATTGGTGACTATTGAGCACGTGAGTATACGTGATTAAGCACACAAAGGCAGCTTGGAGTATGTCTGTTATTAATTTCACAGGTAGTTCTGGTCCATTGGTGAAAGTTTGCGGCTTGCAGAGCACAGAGGCCGCAGAATGTGCTCTAGATTCCGATGCTGACTTGCTGGGTATTATATGTGTGCCCAATAGAAAGAGAACAATTGACCCGGTTATTGCAAGGAAAATTTCAAGTCTTGTAAAAGCATATAAAAATAGTTCAGGCACTCCGAAATACTTGGTTGGCGTGTTTCGTAATCAACCTAAGGAGGATGTTTTGGCTCTGGTCAATGATTACGGCATTGATATCGTCCAACTGCATGGAGATGAGTCGTGGCAAGAATACCAAGAGTTCCTCGGTTTGCCAGTTATTAAAAGACTCGTATTTCCAAAAGACTGCAACATACTACTCAGTGCAGCTTCACAGAAACCTCATTCGTTTATTCCCTTGTTTGATTCAGAAGCCGGTGGGACAGGTGAACTTTTGGATTGGAACTCGATTTCTGACTGGGTTGGAAGGCAAGAGAGCCCCGAAAGCTTACATTTTATGTTAGCTGGTGGACTGACGCCAGAAAATGTTGGTGATGCGCTTAGATTAAATGGCGTTATTGGTGTTGATGTAAGCGGAGGTGTGGAGACAAATGGTGTAAAAGACTCTAACAAAATAGCAAATTTCGTCAAAAATGCTAAGAAATAGGTTATTACTGAGTAGTATTTATTTAAGTATTGTTTGTGCACTTGCCAGTTTAGAGTATCACGTGCTATAAAAATAATTATAATTTAAATTTTTTAATATAAATATATAAATTAAAAATAGAAAGTAAAAAAAGAAATTAAAGAAAAAATAGTTTTTGTTTTCCGAAGATGTAAAAGACTCTAGGGGGATCGCCAACAAATACTACCTTTTATCTTGCTCTTCCTGCTCTCAGGTATTAATGCCGAATTGTTTCATCTTGTCTGTGTAGAAAACCACACACGAAAATCCTGTGATTTTACATTTTACTTATCGTTAATCGAATGTATATCTATTTAATCTGCTTTTCTTGTCTAATAAATATATATGTAAAGTACGCTTTTTGTTGAAATTTTTTAAACCTTTGTTTATTTTTTTTTCTTCATTCCGTAACTCTTCTACCTTCTTTATTTACTTTCTAAAATCCAAATACAAAACATAAAAATAAATAAACACAGAGTAAATTCCCAAATTATTCCATCATTAAAAGATACGAGGCGCGTGTAAGTTACAGGCAAGCGATCCGTCCCGAGCGGCCGCGATTATCAAAAAGGATCTTCACCTAGATCCTTTTAAATTAAAAATGAAGTTTTAAATCAATCTAAAGTATATATGAGTAAACTTGGTCTGACAGTTACCAATGCTTAATCAGTGAGGCACCTATCTCAGCGATCTGTCTATTTCGTTCATCCATAGTTGCCTGACTCCCCGTCGTGTAGATAACTACGATACGGGAGGGCTTACCATCTGGCCCCAGTGCTGCAATGATACCGCGGGACCCACGCTCACCGGCTCCAGATTTATCAGCAATAAACCAGCCAGCCGGAAGGGCCGAGCGCAGAAGTGGTCCTGCAACTTTATCCGCCTCCATCCAGTCTATTAATTGTTGCCGGGAAGCTAGAGTAAGTAGTTCGCCAGTTAATAGTTTGCGCAACGTTGTTGCCATTGCTACAGGCATCGTGGTGTCACGCTCGTCGTTTGGTATGGCTTCATTCAGCTCCGGTTCCCAACGATCAAGGCGAGTTACATGATCCCCCATGTTGTGCAAAAAAGCGGTTAGCTCCTTCGGTCCTCCGATCGTTGTCAGAAGTAAGTTGGCCGCAGTGTTATCACTCATGGTTATGGCAGCACTGCATAATTCTCTTACTGTCATGCCATCCGTAAGATGCTTTTCTGTGACTGGTGAGTACTCAACCAAGTCATTCTGAGAATAGTGTATGCGGCGACCGAGTTGCTCTTGCCCGGCGTCAATACGGGATAATACCGCGCCACATAGCAGAACTTTAAAAGTGCTCATCATTGGAAAACGTTCTTCGGGGCGAAAACTCTCAAGGATCTTACCGCTGTTGAGATCCAGTTCGATGTAACCCACTCGTGCACCCAACTGATCTTCAGCATCTTTTACTTTCACCAGCGTTTCTGGGTGAGCAAAAACAGGAAGGCAAAATGCCGCAAAAAAGGGAATAAGGGCGACACGGAAATGTTGAATACTCATACTCTTCCTTTTTCAATATTATTGAAGCATTTATCAGGGTTATTGTCTCATGAGCGGATACATATTTGAATGTATTTAGAAAAATAAACAAATAGGGGTTCCGCGCACATTTCCCCGAAAAGTGCCACCTGTCATGACCAAAATCCCTTAACGTGAGTTTTCGTTCCACTGAGCGTCAGACCCCGTAGAAAAGATCAAAGGATCTTCTTGAGATCCTTTTTTTCTGCGCGTAATCTGCTGCTTGCAAACAAAAAAACCACCGCTACCAGCGGTGGTTTGTTTGCCGGATCAAGAGCTACCAACTCTTTTTCCGAAGGTAACTGGCTTCAGCAGAGCGCAGATACCAAATACTGTTCTTCTAGTGTAGCCGTAGTTAGGCCACCACTTCAAGAACTCTGTAGCACCGCCTACATACCTCGCTCTGCTAATCCTGTTACCAGTGGCTGCTGCCAGTGGCGATAAGTCGTGTCTTACCGGGTTGGACTCAAGACGATAGTTACCGGATAAGGCGCAGCGGTCGGGCTGAACGGGGGGTTCGTGCACACAGCCCAGCTTGGAGCGAACGACCTACACCGAACTGAGATACCTACAGCGTGAGCTATGAGAAAGCGCCACGCTTCCCGAAGGGAGAAAGGCGGACAGGTATCCGGTAAGCGGCAGGGTCGGAACAGGAGAGCGCACGAGGGAGCTTCCAGGGGGAAACGCCTGGTATCTTTATAGTCCTGTCGGGTTTCGCCACCTCTGACTTGAGCGTCGATTTTTGTGATGCTCGTCAGGGGGGCGGAGCCTATGGAAAAACGCCAGCAACGCGGCCTTTTTACGGTTCCTGGCCTTTTGCTGGCCTTTTGCTCACATGTTCTTTCCTGCGTTATCCCCTGATTCTGTGGATAACCGTGCGGCCGCCCCTGAATTCGCATCTAGAACGGGGTCATCACGGCTCATCATGCGCCAAACAAATGTGTGCAATACACGCTCGGATGACTGCATGATGACCGCACTGACTGGGGACAGCAGATCCACCTAAGCCTGTGAGAGAAGCAGACACCCGACAGATCAAGGCAGTTACGTCTCACCAAACCAGATGTCAACACAGCTACAACGAAGAGGATGTCCAATATTTTTTTTAAGGAATAAGGATACTTCAAGACTAGATTCCCCCCTGCATTCCCATCAGAACCGTAAACCTTGGCGCTTTCCTTGGGAAGTATTCAAGAAGTGCCTTGTCCGGTTTCTGTGGCTCACAAACCAGCGCGCCCGATATGGCTTTCTTTTCACTTATGAATGTACCAGTACGGGACAATTAGAACGCTCCTGTAACAATCTCTTTGCAAATGTGGGGTTACATTCTAACCATGTCACACTGCTGACGAAATTCAAAGTAAAAAAAAATGGGACCACGTCTTGAGAACGATAGATTTTCTTTATTTTACATTGAACAGTCGTTGTCTCAGCGCGCTTTATGTTTTCATTCATACTTCATATTATAAAATAACAAAAGAAGAATTTCATATTCACGCCCAAGAAATCAGGCTGCTTTCCAAATGCAATTGACACTTCATTAGCCATCACACAAAACTCTTTCTTGCTGGAGCTTCTTTTAAAAAAGACCTCAGTACACCAAACACGTTACCCGACCTCGTTATTTTACGACAACTATGATAAAATTCTGAAGAAAAAATAAAAAAATTTTCATACTTCTTGCTTTTATTTAAACCATTGAATGATTTCTTTTGAACAAAACTACCTGTTTCACCAAAGGAAATAGAAAGAAAAAATCAATTAGAAGAAAACAAAAAACAAAAGATCTATG,,195.0,A6,1.0,12.5,15.6,14.6,F11
